[FindPara]
AngleStart=-90
AngleExtent=180
MinScore=0.5
NumMatches=0
MaxOverlap=0.5
SubPixel=least_squares
ModelLevels=8
NumLevels=1
Greediness=0.75
ModelX=958.55582524271847
ModelY=966.72176591375774
ModelAngle=0
Row=966.72176591375774
Col=958.55582524271847
Phi=-0.011386302299797535
Len1=301.35205888859048
Len2=72.055441478439434
